px	py	v	yaw_angle	yaw_rate	px_measured	py_measured	px_true	py_true	vx_true	vy_true	meas_type
NIS
8.46292	0.243462	0	0	0	8.46292	0.243462	8.6	0.25	-3.00029	0	R	6.95285e-310
8.4485	0.251375	0	0	0	8.44818	0.251553	8.45	0.25	-3.00027	0	L	6.95285e-310
8.47157	0.252017	-0.0105304	0	0	8.56759	0.241943	8.45	0.25	0	0	R	6.95285e-310
8.46464	0.253019	-0.0105304	0	0	8.45582	0.253997	8.45	0.25	0	0	L	6.95285e-310
8.46067	0.252867	-0.935373	0.0148114	0	8.42544	0.254042	8.35	0.25	-1.81979	0	R	6.95285e-310
8.39792	0.251948	-0.935372	0.0148114	0	8.23962	0.24916	8.25	0.25	-1.81978	0	L	6.95285e-310
8.36685	0.25075	-1.01753	0.132116	1.6548e-10	7.93286	0.188391	8.05	0.2	-3.99976	-0.99994	R	6.95285e-310
8.25669	0.228819	-1.01753	0.132109	2.33437e-08	7.84073	0.159858	7.85	0.15	-3.99972	-0.99993	L	6.95285e-310
8.22447	0.228685	-1.07185	-0.471709	1.39462e-08	7.61269	0.155818	7.7	0.15	-2.99982	0	R	6.95285e-310
8.11089	0.21563	-1.07184	-0.471714	-1.64471e-08	7.54016	0.159641	7.55	0.15	-2.99982	0	L	6.95285e-310
8.0868	0.213695	-1.09249	0.690592	-3.43421e-08	7.50815	0.0953827	7.45	0.100001	-1.8165	-0.908239	R	6.95285e-310
7.98459	0.184641	-1.09246	0.688939	-1.71984e-07	7.3426	0.0345312	7.35	0.0500011	-1.81648	-0.90823	L	6.95285e-310
7.9586	0.185074	-1.13289	-1.70069	-1.6955e-07	7.20598	0.00492725	7.2	9.49949e-07	-2.72851	-0.909507	R	6.95285e-310
7.85261	0.151856	-1.13287	-1.70395	3.59169e-07	7.05406	-0.0533413	7.05	-0.0499992	-2.72849	-0.909499	L	6.95285e-310
7.82107	0.150839	-1.14392	0.719927	4.18896e-07	6.74585	-0.143185	6.95	-0.15	-1.81898	-1.81898	R	6.95285e-310
7.7219	0.100525	-1.14391	0.713246	1.19778e-06	6.84972	-0.258748	6.85	-0.25	-1.81896	-1.81897	L	6.95285e-310
7.69586	0.0999412	-1.1587	-0.798522	1.46191e-06	6.66966	-0.346668	6.75	-0.349999	-2.00076	-2.00075	R	6.95285e-310
7.60063	0.0383278	-1.15867	-0.806392	2.79877e-06	6.64329	-0.462604	6.65	-0.449999	-2.00076	-2.00075	L	6.95285e-310
7.57914	0.0379888	-1.16308	-0.458024	3.16754e-06	6.60862	-0.557035	6.6	-0.549999	-0.998836	-1.99769	R	6.95285e-310
7.49639	-0.0300832	-1.16306	-0.466948	5.01323e-06	6.56029	-0.650892	6.55	-0.65	-0.99884	-1.99769	L	6.95285e-310
7.47574	-0.0302978	-1.16155	-0.65978	5.26663e-06	6.40696	-0.842921	6.5	-0.85	-0.908747	-3.63498	R	6.95285e-310
7.40081	-0.122377	-1.16152	-0.671967	7.36445e-06	6.45805	-1.05268	6.45	-1.05	-0.908739	-3.63494	L	6.95285e-310
7.38425	-0.122471	-1.16166	-0.0232899	7.54672e-06	6.38626	-1.15695	6.35	-1.15	-1.81897	-1.81898	R	6.95285e-310
7.30808	-0.215624	-1.16164	-0.0359205	1.04391e-05	6.25499	-1.25007	6.25	-1.25	-1.81896	-1.81896	L	6.95285e-310
7.29623	-0.215711	-1.13839	-0.0334336	1.05883e-05	6.43125	-1.48148	6.3	-1.45	0.909739	-3.63894	R	6.95285e-310
7.23826	-0.325761	-1.13836	-0.0482895	1.2832e-05	6.36328	-1.65656	6.35	-1.65	0.909727	-3.63891	L	6.95285e-310
7.22799	-0.325784	-1.13378	-0.0455337	1.29837e-05	6.3228	-1.81431	6.3	-1.8	-0.999494	-2.9985	R	6.95285e-310
7.17133	-0.441101	-1.13375	-0.0610925	1.58367e-05	6.24641	-1.95075	6.25	-1.95	-0.999489	-2.99847	L	6.95285e-310
7.16385	-0.44117	-1.10962	-0.0328751	1.59526e-05	6.31851	-2.10969	6.3	-2.1	0.999984	-2.99994	R	6.95285e-310
7.11979	-0.560277	-1.1096	-0.0489157	1.91156e-05	6.34644	-2.23829	6.35	-2.25	0.999979	-2.99994	L	6.95285e-310
7.11475	-0.56045	-1.09354	0.0383355	1.91281e-05	6.32593	-2.40018	6.35	-2.4	0	-2.72613	R	6.95285e-310
7.07599	-0.684227	-1.09351	0.0216778	2.26545e-05	6.34927	-2.55175	6.35	-2.55	0	-2.72611	L	6.95285e-310
7.07435	-0.684709	-1.06361	0.522148	2.26927e-05	6.43125	-2.71878	6.4	-2.7	0.909499	-2.72851	R	6.95285e-310
7.04363	-0.810967	-1.06358	0.505142	2.68312e-05	6.43257	-2.84245	6.45	-2.85	0.909503	-2.72851	L	6.95285e-310
7.04398	-0.811713	-1.03542	2.32663	2.68478e-05	6.46536	-3.00452	6.45	-3	0	-2.99754	R	6.95285e-310
7.01656	-0.940924	-1.0354	2.30855	3.17952e-05	6.44119	-3.14955	6.45	-3.15	0	-2.99754	L	6.95285e-310
7.01909	-0.942011	-1.05561	4.16526	3.18126e-05	6.52249	-3.32007	6.5	-3.3	0.910402	-2.7312	R	6.95285e-310
6.99843	-1.0737	-1.05559	4.14658	3.69459e-05	6.5453	-3.45745	6.55	-3.45	0.910402	-2.7312	L	6.95285e-310
7.00321	-1.07522	-1.08494	0.280276	3.69536e-05	6.6358	-3.59197	6.65	-3.6	1.81722	-2.72583	R	6.95285e-310
6.99271	-1.20842	-1.08492	0.261391	4.16962e-05	6.76011	-3.75457	6.75	-3.75	1.81721	-2.72581	L	6.95285e-310
7.00037	-1.21062	-1.07432	1.86428	4.17252e-05	6.83625	-3.92723	6.8	-3.9	0.907988	-2.72396	R	6.95285e-310
6.9941	-1.34538	-1.0743	1.8453	4.73636e-05	6.85997	-4.05805	6.85	-4.05	0.907976	-2.72393	L	6.95285e-310
7.00259	-1.34792	-1.10848	4.87189	4.73741e-05	6.86943	-4.18507	6.9	-4.2	0.909334	-2.72801	R	6.95285e-310
6.99935	-1.48324	-1.10847	4.85328	5.25051e-05	6.94332	-4.34473	6.95	-4.35	0.90933	-2.72799	L	6.95285e-310
7.00999	-1.4865	-1.12857	1.62879	5.26369e-05	7.05156	-4.49706	7	-4.45	0.910054	-1.8201	R	6.95285e-310
7.00985	-1.61874	-1.12856	1.61073	5.74613e-05	7.04099	-4.55018	7.05	-4.55	0.910054	-1.8201	L	6.95285e-310
7.02083	-1.62229	-1.14642	5.60998	5.7437e-05	7.10252	-4.67934	7.1	-4.7	0.908302	-2.72489	R	6.95285e-310
7.02366	-1.75618	-1.14641	5.59211	6.23469e-05	7.14735	-4.86125	7.15	-4.85	0.908297	-2.72489	L	6.95285e-310
7.03686	-1.76061	-1.1385	4.10531	6.24403e-05	7.3138	-5.05204	7.25	-5	1.81907	-2.72861	R	6.95285e-310
7.04387	-1.89514	-1.13849	4.08751	6.89175e-05	7.30424	-5.15404	7.35	-5.15	1.81907	-2.72861	L	6.95285e-310
7.05675	-1.89974	-1.17837	0.00417817	6.8985e-05	7.29446	-5.23429	7.4	-5.3	0.908194	-2.7246	R	6.95285e-310
7.06705	-2.03507	-1.17836	-0.0131521	0.000127289	7.44737	-5.45308	7.45	-5.45	0.90819	-2.72457	L	6.95285e-310
7.08258	-2.0408	-1.17318	0.587375	0.000127385	7.63082	-5.61863	7.55	-5.55	1.81974	-1.81974	R	6.95285e-310
7.09738	-2.17361	-1.17317	0.570539	0.000132934	7.64356	-5.66706	7.65	-5.65	1.81972	-1.81972	L	6.95285e-310
7.11216	-2.17937	-1.19349	3.23982	0.000133017	7.60376	-5.74774	7.7	-5.8	0.90983	-2.72951	R	6.95285e-310
7.12792	-2.31255	-1.19348	3.22323	0.000139524	7.7342	-5.95374	7.75	-5.95	0.909826	-2.72948	L	6.95285e-310
7.1441	-2.31913	-1.20049	2.32745	0.000139532	7.82165	-6.06822	7.85	-6.1	1.9986	-2.9979	R	6.95285e-310
7.16438	-2.45261	-1.20048	2.31103	0.000145082	7.95703	-6.24328	7.95	-6.25	1.99858	-2.99787	L	6.95285e-310
7.18271	-2.46035	-1.2142	3.11366	0.000144979	8.17338	-6.44684	8.05	-6.35	1.81738	-1.81739	R	6.95285e-310
7.20649	-2.59143	-1.2142	3.09783	0.00015027	8.15891	-6.45335	8.15	-6.45	1.81737	-1.81737	L	6.95285e-310
7.22343	-2.59893	-1.22033	2.69106	0.00015026	8.08628	-6.51855	8.2	-6.6	0.909293	-2.72787	R	6.95285e-310
7.24759	-2.7306	-1.22032	2.67522	0.000154571	8.25411	-6.74791	8.25	-6.75	0.909293	-2.72787	L	6.95285e-310
7.26516	-2.73867	-1.22873	2.82746	0.000154604	8.25648	-6.78122	8.35	-6.85	1.81994	-1.81993	R	6.95285e-310
7.29213	-2.86818	-1.22872	2.81202	0.000160294	8.44494	-6.95805	8.45	-6.95	1.81993	-1.81993	L	6.95285e-310
7.30999	-2.8767	-1.23561	2.75764	0.00016047	8.39359	-7.01743	8.5	-7.1	1.00006	-3.00018	R	6.95285e-310
7.33734	-3.00654	-1.2356	2.74218	0.00016534	8.54925	-7.24433	8.55	-7.25	1.00006	-3.00018	L	6.95285e-310
7.35645	-3.01597	-1.24568	2.76667	0.000165281	8.64403	-7.39047	8.65	-7.4	1.99807	-2.99712	R	6.95285e-310
7.38606	-3.14636	-1.24567	2.75123	0.000170278	8.73559	-7.5421	8.75	-7.55	1.99808	-2.99712	L	6.95285e-310
7.40604	-3.15656	-1.25074	2.74204	0.000169987	8.87176	-7.71912	8.8	-7.65	0.909955	-1.8199	R	6.95285e-310
7.43599	-3.28507	-1.25074	2.72685	0.000176343	8.84538	-7.75497	8.85	-7.75	0.909946	-1.81988	L	6.95285e-310
7.45538	-3.2953	-1.25827	2.72893	0.000175996	8.88333	-7.88636	8.9	-7.9	0.999086	-2.9973	R	6.95285e-310
7.48571	-3.42401	-1.25826	2.71374	0.000180577	8.95966	-8.0381	8.95	-8.05	0.999095	-2.9973	L	6.95285e-310
7.50425	-3.43411	-1.26264	2.7148	0.000180214	8.8564	-8.01424	9	-8.15	0.909309	-1.8186	R	6.95285e-310
7.53467	-3.56092	-1.26263	2.69985	0.000188274	9.05896	-8.24314	9.05	-8.25	0.909301	-1.81859	L	6.95285e-310
7.55475	-3.57217	-1.26995	2.70382	0.000187888	9.17781	-8.47056	9.1	-8.4	1.0004	-3.00119	R	6.95285e-310
7.58504	-3.6998	-1.26995	2.68876	0.000191778	9.15332	-8.54857	9.15	-8.55	1.00038	-3.00117	L	6.95285e-310
7.60485	-3.71123	-1.27437	2.68984	0.000190855	9.22922	-8.6898	9.2	-8.65	0.909508	-1.819	R	6.95285e-310
7.63504	-3.83745	-1.27437	2.67495	0.000193651	9.24541	-8.76863	9.25	-8.75	0.9095	-1.81899	L	6.95285e-310
7.65521	-3.84942	-1.28619	2.68314	0.00019292	9.37748	-9.00609	9.35	-8.95	1.99965	-3.99928	R	6.95285e-310
7.68741	-3.97827	-1.28619	2.66801	0.000195843	9.44703	-9.15328	9.45	-9.15	1.99964	-3.99928	L	6.95285e-310
7.70762	-3.99058	-1.29133	2.66628	0.000195514	9.50096	-9.25642	9.5	-9.25	0.999584	-1.99917	R	6.95285e-310
7.73969	-4.11748	-1.29132	2.65138	0.000197073	9.54157	-9.35195	9.55	-9.35	0.999584	-1.99917	L	6.95285e-310
7.75923	-4.12971	-1.29653	2.65496	0.000196537	9.47534	-9.42627	9.55	-9.5	0	-3.00023	R	6.95285e-310
7.78942	-4.25718	-1.29653	2.63991	0.00030576	9.54779	-9.64959	9.55	-9.65	0	-3.0002	L	6.95285e-310
7.80991	-4.27032	-1.3035	2.64516	0.000304433	9.69942	-9.88416	9.6	-9.8	0.999005	-2.997	R	6.95285e-310
7.84005	-4.39792	-1.30349	2.6301	0.000300968	9.64606	-9.9341	9.65	-9.95	0.998995	-2.997	L	6.95285e-310
7.85944	-4.41067	-1.3077	2.63193	0.000299613	9.60087	-9.96395	9.7	-10.05	0.909855	-1.81969	R	6.95285e-310
7.88952	-4.53664	-1.30769	2.61707	0.000295085	9.73801	-10.1396	9.75	-10.15	0.909847	-1.81969	L	6.95285e-310
7.91022	-4.55056	-1.31303	2.62206	0.000293106	9.92627	-10.4745	9.75	-10.3	0	-3.00065	R	6.95285e-310
7.93875	-4.67783	-1.31303	2.60697	0.000285301	9.75524	-10.4732	9.75	-10.45	0	-3.00063	L	6.95285e-310
7.95798	-4.69107	-1.31911	2.61219	0.000282909	9.71825	-10.5087	9.8	-10.6	0.90817	-2.72451	R	6.95285e-310
7.9865	-4.81834	-1.3191	2.59711	0.000269229	9.85048	-10.7526	9.85	-10.75	0.908161	-2.72448	L	6.95285e-310
8.00635	-4.83231	-1.32306	2.59971	0.000266907	9.88465	-10.9383	9.85	-10.9	0	-2.73074	R	6.95285e-310
8.03295	-4.95984	-1.32305	2.58452	0.000255369	9.83614	-11.041	9.85	-11.05	0	-2.73073	L	6.95285e-310
8.05235	-4.97381	-1.32798	2.59028	0.000252043	9.83952	-11.1692	9.85	-11.2	0	-2.99965	R	6.95285e-310
8.07752	-5.10197	-1.32797	2.57495	0.000239192	9.84568	-11.3496	9.85	-11.35	0	-2.99961	L	6.95285e-310
8.09712	-5.11639	-1.33281	2.57993	0.000235647	9.87961	-11.5637	9.85	-11.5	0	-2.99843	R	6.95285e-310
8.12058	-5.2446	-1.33281	2.56452	0.000225055	9.83206	-11.6307	9.85	-11.65	0	-2.99843	L	6.95285e-310
8.13994	-5.25916	-1.33368	2.5646	0.000220651	9.85311	-11.8523	9.8	-11.75	-1.0003	-2.00061	R	6.95285e-310
8.16071	-5.38615	-1.33368	2.54924	0.00020969	9.74928	-11.8442	9.75	-11.85	-1.00029	-2.00059	L	6.95285e-310
8.17916	-5.40033	-1.33711	2.55644	0.000204947	9.69694	-11.9706	9.7	-12	-1.0004	-3.00119	R	6.95285e-310
8.19711	-5.52795	-1.3371	2.54088	0.000192056	9.65354	-12.1497	9.65	-12.15	-1.00039	-3.00116	L	6.95285e-310
8.21584	-5.54264	-1.33839	2.54246	0.000186084	9.72311	-12.3964	9.6	-12.25	-0.999885	-1.99981	R	6.95285e-310
8.23106	-5.66884	-1.33839	2.52698	0.00016798	9.54859	-12.3478	9.55	-12.35	-0.999884	-1.99979	L	6.95285e-310
8.24831	-5.68266	-1.33787	2.5244	0.000163465	9.39039	-12.3902	9.45	-12.45	-1.99803	-1.99805	R	6.95285e-310
8.25967	-5.80768	-1.33786	2.50891	0.000151004	9.36086	-12.5501	9.35	-12.55	-1.99804	-1.99804	L	6.95285e-310
8.27685	-5.82174	-1.33886	2.51242	0.000145855	9.34456	-12.7106	9.3	-12.65	-0.909773	-1.81953	R	6.95285e-310
8.28528	-5.94576	-1.33885	2.49695	0.000131507	9.22134	-12.7613	9.25	-12.75	-0.909773	-1.81954	L	6.95285e-310
8.30209	-5.95979	-1.33537	2.47801	0.000126344	9.15326	-13.0031	9.05	-12.85	-3.99257	-1.99629	R	6.95285e-310
8.30416	-6.08272	-1.33536	2.46242	0.000114677	8.84161	-12.9519	8.85	-12.95	-3.99253	-1.99627	L	6.95285e-310
8.31944	-6.09576	-1.33297	2.43733	0.000109308	8.71632	-12.9613	8.75	-13	-1.8213	-0.910651	R	6.95285e-310
8.31854	-6.21577	-1.33297	2.422	0.000100806	8.66358	-13.0431	8.65	-13.05	-1.8213	-0.910651	L	6.95285e-310
8.3334	-6.22871	-1.32908	2.3586	9.70647e-05	8.54518	-13.1702	8.5	-13.1	-2.997	-0.999005	R	6.95285e-310
8.3278	-6.34644	-1.32908	2.3434	9.53463e-05	8.35763	-13.1557	8.35	-13.15	-2.997	-0.998995	L	6.95285e-310
8.34158	-6.35869	-1.32297	2.16542	9.18463e-05	8.22926	-13.1698	8.2	-13.15	-2.72741	0	R	6.95285e-310
8.3314	-6.47233	-1.32297	2.15065	9.55187e-05	8.03583	-13.1513	8.05	-13.15	-2.72742	0	L	6.95285e-310
8.3438	-6.48359	-1.31679	1.7668	9.20103e-05	7.82914	-13.0525	7.9	-13.15	-2.72986	0	R	6.95285e-310
8.32997	-6.59361	-1.3168	1.75282	9.1206e-05	7.76538	-13.1647	7.75	-13.15	-2.72986	0	L	6.95285e-310
8.34222	-6.60495	-1.31351	1.23325	8.75745e-05	7.66146	-13.3079	7.6	-13.2	-2.9979	-0.999304	R	6.95285e-310
8.32421	-6.71277	-1.31353	1.22181	8.73272e-05	7.44786	-13.2517	7.45	-13.25	-2.9979	-0.999304	L	6.95285e-310
8.33496	-6.72296	-1.31565	-1.87473	8.40091e-05	7.21108	-13.0985	7.3	-13.25	-2.72846	0	R	6.95285e-310
8.31345	-6.82709	-1.31567	-1.88033	8.38299e-05	7.16011	-13.2382	7.15	-13.25	-2.72844	0	L	6.95285e-310
8.3231	-6.83646	-1.3205	1.77545	8.08071e-05	6.88472	-12.9588	7	-13.2	-2.99784	0.999284	R	6.95285e-310
8.29801	-6.93594	-1.32051	1.76363	8.18187e-05	6.84891	-13.1493	6.85	-13.15	-2.99784	0.999284	L	6.95285e-310
8.30774	-6.94549	-1.3173	0.841685	7.85786e-05	6.77424	-13.2337	6.7	-13.1	-2.72787	0.909275	R	6.95285e-310
8.27949	-7.04065	-1.31731	0.831166	7.97941e-05	6.55759	-13.0679	6.55	-13.05	-2.72787	0.909284	L	6.95285e-310
8.28816	-7.04939	-1.34451	-4.15824	7.67327e-05	6.40137	-13.0799	6.4	-13.05	-2.72678	0	R	6.95285e-310
8.25679	-7.14145	-1.34446	-4.15777	8.00243e-05	6.26174	-13.0534	6.25	-13.05	-2.72678	0	L	6.95285e-310
8.26466	-7.14945	-1.33349	-4.35494	7.75786e-05	6.10143	-13.0076	6.1	-13	-2.72966	0.909888	R	6.95285e-310
8.23006	-7.23726	-1.33343	-4.35522	8.3953e-05	5.94198	-12.9494	5.95	-12.95	-2.72963	0.90988	L	6.95285e-310
8.23703	-7.24446	-1.30879	-4.8983	8.18077e-05	5.79854	-12.8478	5.8	-12.85	-2.99777	1.99851	R	6.95285e-310
8.19981	-7.32662	-1.3087	-4.89969	8.86872e-05	5.65107	-12.7365	5.65	-12.75	-2.99778	1.99852	L	6.95285e-310
8.2057	-7.33277	-1.2667	-6.1763	8.65864e-05	5.50547	-12.5721	5.55	-12.7	-1.81798	0.908995	R	6.95285e-310
8.16685	-7.41134	-1.26647	-6.18242	9.34572e-05	5.43839	-12.652	5.45	-12.65	-1.81799	0.908995	L	6.95285e-310
8.17218	-7.41708	-1.27074	-7.06657	9.17921e-05	5.27506	-12.4782	5.3	-12.55	-2.72627	1.81753	R	6.95285e-310
8.13067	-7.49089	-1.27053	-7.07317	9.95797e-05	5.1307	-12.4684	5.15	-12.45	-2.72625	1.8175	L	6.95285e-310
8.13546	-7.49616	-1.27467	-7.05282	9.82675e-05	5.04446	-12.3808	5.05	-12.35	-1.8199	1.81989	R	6.95285e-310
8.09274	-7.56488	-1.27448	-7.05922	0.000104593	4.92985	-12.2499	4.95	-12.25	-1.81991	1.8199	L	6.95285e-310
8.09638	-7.56899	-1.27927	-7.04548	0.000103365	4.75061	-11.9803	4.85	-12.15	-1.99928	1.99929	R	6.95285e-310
8.05284	-7.63329	-1.2791	-7.05171	0.00011094	4.75915	-12.0666	4.75	-12.05	-1.99928	1.99928	L	6.95285e-310
8.05619	-7.63714	-1.28411	-7.04453	0.000109728	4.69113	-11.9084	4.7	-11.9	-0.908236	2.72471	R	6.95285e-310
8.01263	-7.69531	-1.28395	-7.05044	0.000119343	4.64378	-11.7442	4.65	-11.75	-0.908231	2.7247	L	6.95285e-310
8.01528	-7.69843	-1.2872	-7.04835	0.000118479	4.59746	-11.6205	4.6	-11.65	-0.909847	1.81971	R	6.95285e-310
7.97184	-7.7527	-1.28706	-7.05404	0.000128707	4.54975	-11.5706	4.55	-11.55	-0.909843	1.81969	L	6.95285e-310
7.97387	-7.75516	-1.29491	-7.05115	0.000128059	4.47442	-11.3673	4.5	-11.35	-1.0008	4.0032	R	6.95285e-310
7.93057	-7.80247	-1.2948	-7.05647	0.000135718	4.44059	-11.1496	4.45	-11.15	-1.0008	4.00321	L	6.95285e-310
7.93193	-7.80419	-1.29753	-7.05642	0.000135187	4.43713	-11.024	4.45	-11.05	0	1.81614	R	6.95285e-310
7.88996	-7.84734	-1.29743	-7.06143	0.000143474	4.45136	-10.93	4.45	-10.95	0	1.81612	L	6.95285e-310
7.89089	-7.84857	-1.30178	-7.06157	0.000143136	4.44745	-10.786	4.45	-10.8	0	2.72555	R	6.95285e-310
7.85022	-7.88691	-1.30169	-7.06625	0.000151143	4.45788	-10.6457	4.45	-10.65	0	2.72554	L	6.95285e-310
7.85079	-7.88773	-1.30572	-7.06647	0.000151032	4.46329	-10.5756	4.45	-10.5	0	2.729	R	6.95285e-310
7.81114	-7.9212	-1.30565	-7.07083	0.000156495	4.44057	-10.3382	4.45	-10.35	0	2.72898	L	6.95285e-310
7.81119	-7.92141	-1.30918	-7.07107	0.00015648	4.51895	-10.2367	4.5	-10.2	0.908962	2.72687	R	6.95285e-310
7.77389	-7.95027	-1.30912	-7.07503	0.000161397	4.54925	-10.0439	4.55	-10.05	0.908954	2.72685	L	6.95285e-310
7.7736	-7.95008	-1.31257	-7.07528	0.000161448	4.63224	-9.9707	4.6	-9.9	0.909756	2.72927	R	6.95285e-310
7.73835	-7.97452	-1.31253	-7.07887	0.000164975	4.63755	-9.74952	4.65	-9.75	0.909752	2.72926	L	6.95285e-310
7.73723	-7.97333	-1.31616	-7.07913	0.000165046	4.60757	-9.4335	4.7	-9.6	0.90859	2.72578	R	6.95285e-310
7.70418	-7.9936	-1.31613	-7.08236	0.000165888	4.74589	-9.4609	4.75	-9.45	0.908586	2.72576	L	6.95285e-310
7.70326	-7.99262	-1.31837	-7.0825	0.000165958	4.89179	-9.39473	4.85	-9.3	1.81967	2.72952	R	6.95285e-310
7.67334	-8.0084	-1.31835	-7.0853	0.000167078	4.94849	-9.13867	4.95	-9.15	1.81967	2.72951	L	6.95285e-310
7.67187	-8.00674	-1.31983	-7.08539	0.000167132	4.95209	-8.96272	5	-9.05	0.999884	1.99977	R	6.95285e-310
7.64375	-8.01985	-1.31981	-7.08793	0.000166911	5.04121	-8.94979	5.05	-8.95	0.999874	1.99974	L	6.95285e-310
7.64242	-8.01836	-1.32148	-7.08804	0.0001668	5.20806	-8.88942	5.15	-8.8	1.81805	2.72708	R	6.95285e-310
7.61751	-8.02735	-1.32148	-7.09015	0.000165727	5.26887	-8.63564	5.25	-8.65	1.81803	2.72705	L	6.95285e-310
7.61593	-8.02552	-1.32189	-7.09018	0.000165752	5.3785	-8.56768	5.35	-8.55	1.99956	1.99957	R	6.95285e-310
7.59357	-8.03179	-1.32189	-7.09198	0.000164511	5.44864	-8.42738	5.45	-8.45	1.99954	1.99954	L	6.95285e-310
7.59203	-8.03001	-1.32246	-7.09202	0.000164537	5.56465	-8.44845	5.5	-8.35	0.909045	1.81807	R	6.95285e-310
7.57121	-8.034	-1.32247	-7.0936	0.000163308	5.53862	-8.24357	5.55	-8.25	0.909045	1.81808	L	6.95285e-310
7.56925	-8.03168	-1.32303	-7.09364	0.000163299	5.64921	-8.02513	5.7	-8.1	2.72608	2.72608	R	6.95285e-310
7.5522	-8.03215	-1.32304	-7.09479	0.000163344	5.85094	-7.95601	5.85	-7.95	2.72606	2.72606	L	6.95285e-310
7.55033	-8.02992	-1.323	-7.09479	0.000163343	5.93492	-7.84119	5.95	-7.85	1.81801	1.81801	R	6.95285e-310
7.53588	-8.02781	-1.32302	-7.09563	0.000163438	6.05986	-7.73559	6.05	-7.75	1.81802	1.81801	L	6.95285e-310
7.53399	-8.02555	-1.32286	-7.09563	0.000163529	6.13741	-7.63243	6.15	-7.65	1.81798	1.81798	R	6.95285e-310
7.52191	-8.02128	-1.32289	-7.0962	0.000163927	6.25659	-7.54336	6.25	-7.55	1.81798	1.81798	L	6.95285e-310
7.52012	-8.01913	-1.32229	-7.09618	0.000163881	6.39143	-7.46358	6.35	-7.45	1.82027	1.82027	R	6.95285e-310
7.51033	-8.0129	-1.32232	-7.0965	0.00016447	6.452	-7.36418	6.45	-7.35	1.82025	1.82025	L	6.95285e-310
7.50826	-8.0104	-1.32043	-7.09643	0.000164606	6.47916	-7.09783	6.6	-7.25	2.99862	1.99908	R	6.95285e-310
7.50173	-8.0018	-1.32046	-7.09641	0.000164983	6.7556	-7.14598	6.75	-7.15	2.99862	1.99908	L	6.95285e-310
7.49974	-7.99939	-1.32048	-7.09641	0.000165347	6.68682	-6.93297	6.8	-7.05	0.908005	1.816	R	6.95285e-310
7.49452	-7.98884	-1.32052	-7.0962	0.000166491	6.86356	-6.94732	6.85	-6.95	0.908	1.81601	L	6.95285e-310
7.49299	-7.98697	-1.31834	-7.09616	0.000166973	7.08741	-6.92602	7	-6.85	2.72856	1.81904	R	6.95285e-310
7.49077	-7.97443	-1.31838	-7.09565	0.000168192	7.15695	-6.75136	7.15	-6.75	2.72854	1.81902	L	6.95285e-310
7.48926	-7.97258	-1.31765	-7.09565	0.000168676	7.29976	-6.68807	7.25	-6.65	1.8202	1.8202	R	6.95285e-310
7.48906	-7.95823	-1.3177	-7.09491	0.000168587	7.35505	-6.56058	7.35	-6.55	1.82018	1.82018	L	6.95285e-310
7.4877	-7.95656	-1.31391	-7.09494	0.00016889	7.53544	-6.5372	7.5	-6.5	2.99964	0.999884	R	6.95285e-310
7.49033	-7.94133	-1.31396	-7.09397	0.000167381	7.65664	-6.46417	7.65	-6.45	2.99964	0.999884	L	6.95285e-310
7.48898	-7.93967	-1.31154	-7.09405	0.000167512	7.67559	-6.34628	7.75	-6.4	1.81709	0.908549	R	6.95285e-310
7.49341	-7.92358	-1.31159	-7.09291	0.000167038	7.85193	-6.35845	7.85	-6.35	1.81709	0.908545	L	6.95285e-310
7.49243	-7.92236	-1.30896	-7.09308	0.000167177	8.03231	-6.28406	8	-6.25	2.72931	1.81954	R	6.95285e-310
7.4995	-7.90432	-1.30901	-7.09167	0.000168231	8.13749	-6.14586	8.15	-6.15	2.72928	1.81952	L	6.95285e-310
7.49852	-7.9031	-1.30727	-7.09185	0.000168153	8.21488	-6.01843	8.25	-6.05	1.99977	1.99976	R	6.95285e-310
7.50736	-7.88335	-1.30733	-7.09023	0.000168205	8.33626	-5.94674	8.35	-5.95	1.99977	1.99976	L	6.95285e-310
7.50664	-7.88243	-1.3033	-7.09083	0.000168321	8.50318	-5.89335	8.5	-5.9	2.72796	0.909326	R	6.95285e-310
7.51821	-7.86205	-1.30336	-7.089	0.000167207	8.65894	-5.86309	8.65	-5.85	2.72796	0.909321	L	6.95285e-310
7.5177	-7.86138	-1.30147	-7.08946	0.000167262	8.77185	-5.74314	8.75	-5.75	1.81776	1.81775	R	6.95285e-310
7.53091	-7.83918	-1.30153	-7.08743	0.000166137	8.85444	-5.64273	8.85	-5.65	1.81774	1.81773	L	6.95285e-310
7.53061	-7.83874	-1.29936	-7.08812	0.000166191	9.02394	-5.6024	8.95	-5.55	1.99657	1.99656	R	6.95285e-310
7.5454	-7.81507	-1.29942	-7.08591	0.000164918	9.05088	-5.45385	9.05	-5.45	1.99654	1.99655	L	6.95285e-310
7.54491	-7.81442	-1.29513	-7.08774	0.000165046	9.04088	-5.29691	9.2	-5.4	2.72728	0.909094	R	6.95285e-310
7.562	-7.78983	-1.29519	-7.08532	0.000162521	9.34223	-5.32623	9.35	-5.35	2.72727	0.90909	L	6.95285e-310
7.5619	-7.78961	-1.29324	-7.08661	0.000162531	9.39579	-5.21659	9.45	-5.25	1.81816	1.81815	R	6.95285e-310
7.5806	-7.76356	-1.2933	-7.08401	0.000161003	9.55303	-5.13194	9.55	-5.15	1.81813	1.81813	L	6.95285e-310
7.58088	-7.76378	-1.2911	-7.08583	0.000160986	9.75019	-5.14652	9.65	-5.05	1.82036	1.82036	R	6.95285e-310
7.60109	-7.73625	-1.29117	-7.08307	0.000158709	9.7586	-4.93134	9.75	-4.95	1.82036	1.82037	L	6.95285e-310
7.60142	-7.73651	-1.28907	-7.08529	0.000158646	9.9198	-4.86941	9.85	-4.85	1.81578	1.81577	R	6.95285e-310
7.62304	-7.70768	-1.28914	-7.08236	0.000154482	9.95641	-4.74358	9.95	-4.75	1.81575	1.81575	L	6.95285e-310
7.62329	-7.70784	-1.28728	-7.08484	0.000154444	10.0029	-4.54771	10.05	-4.6	1.82039	2.7306	R	6.95285e-310
7.64625	-7.6768	-1.28736	-7.08171	0.000149042	10.1428	-4.45119	10.15	-4.45	1.8204	2.7306	L	6.95285e-310
7.64659	-7.67707	-1.28529	-7.08511	0.000148998	10.1981	-4.26556	10.25	-4.3	1.81769	2.72652	R	6.95285e-310
7.67114	-7.64391	-1.28537	-7.08176	0.000144115	10.3644	-4.16342	10.35	-4.15	1.81768	2.7265	L	6.95285e-310
7.67192	-7.64463	-1.28205	-7.08857	0.000144005	10.5985	-4.12247	10.45	-4.05	1.81792	1.81792	R	6.95285e-310
7.69761	-7.61005	-1.28213	-7.08507	0.000137771	10.5415	-3.9454	10.55	-3.95	1.8179	1.8179	L	6.95285e-310
7.6984	-7.61077	-1.27947	-7.09255	0.000137673	10.7092	-3.85166	10.65	-3.85	1.81903	1.81904	R	6.95285e-310
7.72553	-7.57498	-1.27956	-7.0889	0.000130472	10.7616	-3.75002	10.75	-3.75	1.81902	1.81903	L	6.95285e-310
7.72633	-7.5757	-1.27844	-7.09296	0.000130297	10.795	-3.60617	10.8	-3.6	0.909773	2.72931	R	6.95285e-310
7.75389	-7.53801	-1.27854	-7.08917	0.000122815	10.8527	-3.46164	10.85	-3.45	0.909764	2.72928	L	6.95285e-310
7.75478	-7.53881	-1.27516	-7.10311	0.000122733	10.9584	-3.30584	10.95	-3.3	1.99953	2.99928	R	6.95285e-310
7.78358	-7.49906	-1.27525	-7.09914	0.000111688	11.0447	-3.1561	11.05	-3.15	1.9995	2.99925	L	6.95285e-310
7.78456	-7.49994	-1.27419	-7.1051	0.000111457	11.1178	-2.98807	11.1	-3	0.907725	2.72317	R	6.95285e-310
7.81381	-7.45838	-1.27429	-7.10101	0.000100504	11.1427	-2.86566	11.15	-2.85	0.907708	2.72314	L	6.95285e-310
7.81475	-7.45919	-1.2728	-7.11035	0.000100345	11.1491	-2.68183	11.2	-2.7	0.908929	2.72678	R	6.95285e-310
7.84455	-7.41566	-1.27291	-7.10612	9.39461e-05	11.2525	-2.55311	11.25	-2.55	0.908929	2.72678	L	6.95285e-310
7.84536	-7.41634	-1.27492	-7.09136	9.3769e-05	11.1188	-2.36202	11.2	-2.4	-0.909276	2.72782	R	6.95285e-310
7.87413	-7.37117	-1.27504	-7.08711	9.0533e-05	11.1594	-2.25598	11.15	-2.25	-0.909276	2.72782	L	6.95285e-310
7.87499	-7.37188	-1.27155	-7.10754	9.03264e-05	11.2029	-2.09837	11.25	-2.1	1.81915	2.72871	R	6.95285e-310
7.90493	-7.32491	-1.27167	-7.10312	8.6643e-05	11.3525	-1.95787	11.35	-1.95	1.81913	2.72869	L	6.95285e-310
7.90586	-7.32568	-1.27132	-7.10593	8.63943e-05	11.3011	-1.79507	11.35	-1.8	0	2.73035	R	6.95285e-310
7.93534	-7.27719	-1.27144	-7.10146	7.95523e-05	11.3326	-1.67041	11.35	-1.65	0	2.73033	L	6.95285e-310
7.93591	-7.27759	-1.27285	-7.08961	7.93898e-05	11.0622	-1.44342	11.3	-1.5	-0.999165	2.99748	R	6.95285e-310
7.96454	-7.22745	-1.27298	-7.08512	7.41579e-05	11.2595	-1.35818	11.25	-1.35	-0.999155	2.99745	L	6.95285e-310
7.96523	-7.22795	-1.27428	-7.07558	7.27457e-05	11.1658	-1.23674	11.2	-1.25	-0.909822	1.81964	R	6.95285e-310
7.99272	-7.17712	-1.27442	-7.07113	6.16338e-05	11.1524	-1.15803	11.15	-1.15	-0.909822	1.81964	L	6.95285e-310
7.99299	-7.17721	-1.27789	-7.04896	6.15392e-05	10.8534	-0.929069	11.05	-0.95	-1.99817	3.99632	R	6.95285e-310
8.01888	-7.12395	-1.27804	-7.04449	5.71758e-05	10.9584	-0.728742	10.95	-0.75	-1.99816	3.99632	L	6.95285e-310
8.01915	-7.12403	-1.27917	-7.03978	5.70884e-05	10.8608	-0.663121	10.9	-0.649999	-0.908549	1.8171	R	6.95285e-310
8.04404	-7.07034	-1.27932	-7.03535	5.72809e-05	10.8648	-0.553034	10.85	-0.549999	-0.908532	1.81708	L	6.95285e-310
8.0443	-7.07041	-1.28218	-7.02471	5.71799e-05	10.8451	-0.437482	10.75	-0.45	-1.8174	1.81738	R	6.95285e-310
8.06738	-7.01613	-1.28233	-7.02037	5.96473e-05	10.6542	-0.347474	10.65	-0.35	-1.8174	1.81738	L	6.95285e-310
8.06724	-7.01581	-1.28722	-7.00736	5.97449e-05	10.5062	-0.245062	10.5	-0.25	-2.72796	1.81864	R	6.95285e-310
8.08784	-6.96109	-1.28737	-7.00316	5.62901e-05	10.3438	-0.150982	10.35	-0.15	-2.72796	1.81864	L	6.95285e-310
8.08769	-6.96078	-1.28995	-6.99971	5.63647e-05	10.4884	-0.0812124	10.25	-0.0999996	-1.81964	0.909826	R	6.95285e-310
8.10667	-6.90628	-1.2901	-6.99563	4.82483e-05	10.1537	-0.0482457	10.15	-0.0499992	-1.81963	0.909818	L	6.95285e-310
8.10585	-6.90536	-1.2941	-6.99139	4.86628e-05	9.92588	0.00395802	10	9.49949e-07	-2.73049	0.910169	R	6.95285e-310
8.12248	-6.85129	-1.29425	-6.98748	4.7508e-05	9.85676	0.0351738	9.85	0.0500011	-2.73047	0.910161	L	6.95285e-310
8.12133	-6.85009	-1.29838	-6.98461	4.82172e-05	9.63973	0.0585714	9.7	0.0500011	-2.72439	0	R	6.95285e-310
8.13553	-6.79707	-1.29853	-6.98092	4.54735e-05	9.54669	0.0374948	9.55	0.0500011	-2.72438	0	L	6.95285e-310
8.13402	-6.79557	-1.30274	-6.97888	4.66357e-05	9.32242	0.112393	9.4	0.100001	-2.72773	0.90923	R	6.95285e-310
8.14597	-6.74271	-1.30289	-6.97535	4.2441e-05	9.24446	0.153574	9.25	0.15	-2.7277	0.909222	L	6.95285e-310
8.14418	-6.74098	-1.30693	-6.97385	4.39018e-05	9.0614	0.20077	9.1	0.2	-2.72652	0.908843	R	6.95285e-310
8.15395	-6.68835	-1.30709	-6.97047	4.36386e-05	8.94752	0.260272	8.95	0.25	-2.72653	0.908843	L	6.95285e-310
8.15201	-6.6865	-1.30958	-6.96969	4.53499e-05	8.90199	0.247143	8.85	0.25	-1.81847	0	R	6.95285e-310
8.16035	-6.63478	-1.30973	-6.96645	4.56738e-05	8.76016	0.263752	8.75	0.25	-1.81846	0	L	6.95285e-310
8.15791	-6.63253	-1.31534	-6.96445	4.75287e-05	8.46355	0.258809	8.55	0.25	-3.6326	0	R	6.95285e-310
8.16336	-6.58195	-1.31549	-6.96147	4.60749e-05	8.35367	0.252596	8.35	0.25	-3.6326	0	L	6.95285e-310
8.16046	-6.57934	-1.31937	-6.96051	4.80623e-05	8.05161	0.241868	8.2	0.25	-2.72841	0	R	6.95285e-310
8.16381	-6.52976	-1.31952	-6.95771	4.1165e-05	8.05411	0.247878	8.05	0.25	-2.72842	0	L	6.95285e-310
8.16064	-6.52695	-1.3232	-6.95675	4.28149e-05	7.78653	0.205765	7.9	0.2	-2.72708	-0.909025	R	6.95285e-310
8.1618	-6.47907	-1.32335	-6.95419	3.80006e-05	7.74339	0.144028	7.75	0.15	-2.72705	-0.909016	L	6.95285e-310
8.15866	-6.47631	-1.32727	-6.95308	3.95024e-05	7.77346	0.0969346	7.6	0.100001	-2.73169	-0.910554	R	6.95285e-310
8.15782	-6.43004	-1.32741	-6.95074	3.48308e-05	7.45362	0.0452052	7.45	0.0500011	-2.73169	-0.910554	L	6.95285e-310
8.15399	-6.42674	-1.33193	-6.94947	3.60122e-05	7.15329	0.0425189	7.3	0.0500011	-2.99789	0	R	6.95285e-310
8.15126	-6.38147	-1.33207	-6.9473	2.6898e-05	7.16618	0.0287673	7.15	0.0500011	-2.9979	0	L	6.95285e-310
8.14751	-6.37826	-1.33427	-6.94677	2.72346e-05	7.17215	-0.0469302	7.05	-0.0499995	-1.81811	-1.81813	R	6.95285e-310
8.14334	-6.33504	-1.33441	-6.9448	1.53984e-05	6.95426	-0.147757	6.95	-0.15	-1.8181	-1.81811	L	6.95285e-310
8.13924	-6.33158	-1.33667	-6.9441	1.52312e-05	6.83008	-0.250179	6.85	-0.25	-1.81646	-1.81646	R	6.95285e-310
8.13378	-6.2905	-1.33681	-6.94233	4.91506e-06	6.76395	-0.345347	6.75	-0.35	-1.81645	-1.81645	L	6.95285e-310
8.12965	-6.28706	-1.33859	-6.94172	4.27893e-06	6.74798	-0.457727	6.65	-0.45	-1.81901	-1.819	R	6.95285e-310
8.12275	-6.24825	-1.33872	-6.94017	-8.12271e-06	6.54569	-0.565853	6.55	-0.549999	-1.81899	-1.81898	L	6.95285e-310
8.11849	-6.24474	-1.33878	-6.94024	-9.03798e-06	6.565	-0.754748	6.5	-0.749999	-0.909789	-3.63914	R	6.95285e-310
8.11086	-6.20915	-1.33889	-6.9389	-1.50265e-05	6.4494	-0.940848	6.45	-0.949999	-0.909781	-3.63911	L	6.95285e-310
8.10658	-6.20565	-1.33908	-6.9389	-1.5549e-05	6.44213	-1.11266	6.4	-1.1	-1.0002	-3.00061	R	6.95285e-310
8.09821	-6.17284	-1.33919	-6.93775	-1.94868e-05	6.34405	-1.26138	6.35	-1.25	-1.0002	-3.00061	L	6.95285e-310
8.09399	-6.16941	-1.33906	-6.93795	-2.00947e-05	6.39474	-1.36501	6.3	-1.35	-1.00035	-2.00072	R	6.95285e-310
8.08508	-6.13827	-1.33917	-6.93692	-2.47361e-05	6.25356	-1.42931	6.25	-1.45	-1.00036	-2.00072	L	6.95285e-310
8.08081	-6.13484	-1.33702	-6.93878	-2.47909e-05	6.24787	-1.61119	6.25	-1.6	0	-2.99288	R	6.95285e-310
8.07174	-6.10635	-1.33711	-6.9379	-2.67071e-05	6.23547	-1.75335	6.25	-1.75	0	-2.99285	L	6.95285e-310
8.0678	-6.1032	-1.33385	-6.94173	-2.62801e-05	6.41111	-1.93027	6.3	-1.9	0.909739	-2.72921	R	6.95285e-310
8.0594	-6.07707	-1.33393	-6.94093	-2.74818e-05	6.34873	-2.05372	6.35	-2.05	0.909735	-2.72921	L	6.95285e-310
8.05576	-6.07418	-1.33166	-6.94486	-2.70891e-05	6.53066	-2.26346	6.35	-2.2	0	-2.72782	R	6.95285e-310
8.04744	-6.0503	-1.33174	-6.94417	-2.74103e-05	6.36917	-2.33894	6.35	-2.35	0	-2.72779	L	6.95285e-310
8.04368	-6.04733	-1.32892	-6.95058	-2.70328e-05	6.27034	-2.51837	6.35	-2.55	0	-3.63689	R	6.95285e-310
8.0351	-6.02642	-1.32899	-6.95006	-2.59178e-05	6.34287	-2.73391	6.35	-2.75	0	-3.63689	L	6.95285e-310
8.03176	-6.02379	-1.32465	-6.96346	-2.50636e-05	6.45883	-2.92313	6.4	-2.9	0.908854	-2.72658	R	6.95285e-310
8.02371	-6.00528	-1.32471	-6.96304	-2.38528e-05	6.43866	-3.06257	6.45	-3.05	0.908859	-2.72658	L	6.95285e-310
8.02057	-6.00283	-1.32047	-6.98301	-2.32769e-05	6.49154	-3.20004	6.5	-3.2	0.908863	-2.72658	R	6.95285e-310
8.01307	-5.98634	-1.32053	-6.98265	-2.23958e-05	6.53579	-3.34211	6.55	-3.35	0.908855	-2.72655	L	6.95285e-310
8.01035	-5.98422	-1.31615	-7.01367	-2.21438e-05	6.70146	-3.53446	6.6	-3.5	0.908714	-2.72613	R	6.95285e-310
8.00346	-5.96982	-1.3162	-7.01338	-2.11266e-05	6.64657	-3.63945	6.65	-3.65	0.908702	-2.72611	L	6.95285e-310
8.00094	-5.96787	-1.31137	-7.06473	-2.08088e-05	6.70956	-3.81739	6.7	-3.8	0.909565	-2.72871	R	6.95285e-310
7.99457	-5.95569	-1.31142	-7.06452	-1.96389e-05	6.74885	-3.96368	6.75	-3.95	0.909561	-2.72869	L	6.95285e-310
7.99225	-5.9539	-1.30672	-7.14167	-1.95213e-05	6.73758	-4.06653	6.8	-4.1	0.908566	-2.72568	R	6.95285e-310
7.98646	-5.94368	-1.30676	-7.14152	-1.99164e-05	6.85796	-4.25464	6.85	-4.25	0.908561	-2.72569	L	6.95285e-310
7.98475	-5.94237	-1.30029	-7.3037	2.73089e-05	7.10395	-4.49091	6.95	-4.4	1.81821	-2.72732	R	6.95285e-310
7.97999	-5.9341	-1.30032	-7.30358	2.62747e-05	7.04679	-4.55716	7.05	-4.55	1.81822	-2.72732	L	6.95285e-310
7.97832	-5.93282	-1.2946	-7.55443	2.62113e-05	7.02393	-4.64459	7.1	-4.7	0.91085	-2.73253	R	6.95285e-310
7.97397	-5.9265	-1.29462	-7.55438	2.57609e-05	7.13435	-4.85502	7.15	-4.85	0.910837	-2.73251	L	6.95285e-310
7.97273	-5.92554	-1.28884	-8.01984	2.56559e-05	7.24619	-4.97656	7.2	-4.95	1.00033	-2.00068	R	6.95285e-310
7.96902	-5.92043	-1.28886	-8.01979	2.54068e-05	7.25317	-5.04605	7.25	-5.05	1.00033	-2.00066	L	6.95285e-310
7.96784	-5.91949	-1.27891	-10.8644	2.53239e-05	7.22054	-5.09604	7.35	-5.2	1.9976	-2.9964	R	6.95285e-310
7.96508	-5.91623	-1.27893	-10.8644	2.49033e-05	7.43604	-5.34825	7.45	-5.35	1.9976	-2.9964	L	6.95285e-310
7.96427	-5.9156	-1.28094	-10.4364	2.46993e-05	7.40989	-5.38617	7.5	-5.45	0.908252	-1.8165	R	6.95285e-310
7.96212	-5.91367	-1.28095	-10.4364	2.42202e-05	7.55662	-5.56714	7.55	-5.55	0.908244	-1.81648	L	6.95285e-310
7.96138	-5.91311	-1.28466	-10.2401	2.39583e-05	7.39379	-5.52612	7.65	-5.7	1.81785	-2.72677	R	6.95285e-310
7.9603	-5.91278	-1.28467	-10.2401	2.36574e-05	7.76459	-5.8425	7.75	-5.85	1.81785	-2.72677	L	6.95285e-310
7.96027	-5.91276	-1.28678	-10.1964	2.36437e-05	7.84699	-6.00602	7.8	-5.95	0.909078	-1.81815	R	6.95285e-310
7.95963	-5.91361	-1.28678	-10.1965	2.36062e-05	7.85921	-6.04502	7.85	-6.05	0.909073	-1.81815	L	6.95285e-310
7.95972	-5.91369	-1.29081	-10.1362	2.36594e-05	7.89511	-6.1416	7.95	-6.2	1.8197	-2.72955	R	6.95285e-310
7.96003	-5.91633	-1.2908	-10.1364	2.45292e-05	8.05619	-6.36041	8.05	-6.35	1.81969	-2.72953	L	6.95285e-310
7.96064	-5.91681	-1.29508	-10.1042	2.49381e-05	8.2234	-6.53735	8.15	-6.5	1.8187	-2.72807	R	6.95285e-310
7.9619	-5.92104	-1.29506	-10.1045	2.69686e-05	8.25446	-6.64851	8.25	-6.65	1.81869	-2.72804	L	6.95285e-310
7.96273	-5.92169	-1.29752	-10.0951	2.75235e-05	8.32206	-6.77114	8.3	-6.75	0.908979	-1.81795	R	6.95285e-310
7.96423	-5.92698	-1.29751	-10.0954	3.03725e-05	8.31728	-6.8399	8.35	-6.85	0.908979	-1.81795	L	6.95285e-310
7.9651	-5.92765	-1.30091	-10.0859	3.10497e-05	8.2713	-6.91098	8.4	-7	0.909094	-2.72732	R	6.95285e-310
7.9671	-5.93467	-1.30089	-10.0864	3.54128e-05	8.44183	-7.15372	8.45	-7.15	0.909102	-2.72732	L	6.95285e-310
7.9684	-5.93568	-1.30532	-10.0787	3.63894e-05	8.54154	-7.25975	8.55	-7.3	1.81751	-2.72628	R	6.95285e-310
7.9714	-5.94436	-1.30529	-10.0792	4.12383e-05	8.65899	-7.4699	8.65	-7.45	1.81752	-2.72628	L	6.95285e-310
7.97319	-5.94574	-1.30783	-10.0769	4.26448e-05	8.83598	-7.68162	8.7	-7.55	0.908615	-1.81723	R	6.95285e-310
7.97666	-5.95525	-1.3078	-10.0775	4.97977e-05	8.76769	-7.64094	8.75	-7.65	0.908607	-1.81721	L	6.95285e-310
7.97841	-5.9566	-1.31222	-10.0746	5.15017e-05	8.77916	-7.72457	8.85	-7.8	1.8215	-2.73224	R	6.95285e-310
7.98269	-5.96771	-1.31218	-10.0752	6.19374e-05	8.95669	-7.95155	8.95	-7.95	1.82148	-2.73221	L	6.95285e-310
7.985	-5.96949	-1.31616	-10.0739	6.46368e-05	9.1081	-8.22433	9	-8.1	0.999025	-2.99707	R	6.95285e-310
7.98961	-5.98208	-1.31612	-10.0746	7.75441e-05	9.05476	-8.24211	9.05	-8.25	0.999015	-2.99704	L	6.95285e-310
7.99203	-5.98395	-1.31818	-10.0743	8.08361e-05	9.13825	-8.4037	9.1	-8.35	0.908285	-1.81657	R	6.95285e-310
7.99693	-5.99753	-1.31813	-10.075	9.5699e-05	9.14025	-8.44981	9.15	-8.45	0.908268	-1.81655	L	6.95285e-310
7.99951	-5.99953	-1.32162	-10.0745	9.94395e-05	9.22081	-8.59155	9.2	-8.6	0.91012	-2.73036	R	6.95285e-310
8.00478	-6.01466	-1.32157	-10.0754	0.000115374	9.25031	-8.76071	9.25	-8.75	0.910112	-2.73033	L	6.95285e-310
8.00759	-6.01685	-1.325	-10.0751	0.000119409	9.30208	-8.90831	9.3	-8.9	0.909524	-2.72856	R	6.95285e-310
8.01314	-6.03336	-1.32494	-10.0761	0.000138282	9.34431	-9.04587	9.35	-9.05	0.909524	-2.72856	L	6.95285e-310
8.01617	-6.03572	-1.32872	-10.0759	0.000143087	9.39993	-9.18842	9.4	-9.2	0.999066	-2.99725	R	6.95285e-310
8.02203	-6.05382	-1.32866	-10.0769	0.000164655	9.4452	-9.37195	9.45	-9.35	0.999075	-2.99724	L	6.95285e-310
8.02527	-6.05635	-1.33203	-10.0769	0.000169931	9.48751	-9.46421	9.5	-9.5	0.909706	-2.7291	R	6.95285e-310
8.03147	-6.07572	-1.33196	-10.078	0.000193062	9.55098	-9.64789	9.55	-9.65	0.909706	-2.7291	L	6.95285e-310
8.03492	-6.07843	-1.33552	-10.0779	0.000199284	9.57122	-9.75525	9.6	-9.8	1.00048	-3.00143	R	6.95285e-310
8.04128	-6.09916	-1.33545	-10.0792	0.000224782	9.62408	-9.94149	9.65	-9.95	1.00046	-3.00141	L	6.95285e-310
8.04485	-6.10197	-1.33829	-10.0792	0.000231101	9.61433	-9.96417	9.7	-10.05	0.998785	-1.99755	R	6.95285e-310
8.05166	-6.12355	-1.33821	-10.0804	0.00025729	9.7457	-10.1502	9.75	-10.15	0.998775	-1.99754	L	6.95285e-310
8.05554	-6.12661	-1.34025	-10.0804	0.000263667	9.77731	-10.3295	9.75	-10.3	0	-2.72851	R	6.95285e-310
8.06222	-6.14957	-1.34017	-10.0818	0.000288656	9.76557	-10.4501	9.75	-10.45	0	-2.72849	L	6.95285e-310
8.0664	-6.15287	-1.34352	-10.0818	0.000294172	9.89592	-10.7137	9.8	-10.6	0.909012	-2.72704	R	6.95285e-310
8.07328	-6.17718	-1.34344	-10.0833	0.000318229	9.85066	-10.7537	9.85	-10.75	0.909012	-2.72703	L	6.95285e-310
8.07752	-6.18054	-1.34581	-10.0833	0.000323812	9.84397	-10.9287	9.85	-10.9	0	-3.00318	R	6.95285e-310
8.0842	-6.20617	-1.34573	-10.0849	0.000345108	9.85693	-11.0512	9.85	-11.05	0	-3.00316	L	6.95285e-310
8.08841	-6.20952	-1.34856	-10.0849	0.000350449	9.74773	-11.0482	9.85	-11.2	0	-3.00013	R	6.95285e-310
8.0948	-6.2365	-1.34848	-10.0866	0.000372277	9.84407	-11.3565	9.85	-11.35	0	-3.00012	L	6.95285e-310
8.09927	-6.24008	-1.35146	-10.0866	0.000378405	9.79495	-11.4686	9.85	-11.5	0	-2.99592	R	6.95285e-310
8.10543	-6.26831	-1.35137	-10.0884	0.000403898	9.83943	-11.6467	9.85	-11.65	0	-2.99592	L	6.95285e-310
8.10998	-6.27196	-1.35203	-10.0884	0.000410032	9.76634	-11.6976	9.8	-11.75	-0.908731	-1.81746	R	6.95285e-310
8.11552	-6.301	-1.35193	-10.0903	0.00043132	9.74774	-11.8511	9.75	-11.85	-0.908731	-1.81746	L	6.95285e-310
8.12032	-6.30488	-1.35353	-10.0903	0.000437207	9.7856	-12.1262	9.7	-12	-0.909591	-2.72875	R	6.95285e-310
8.12514	-6.33518	-1.35343	-10.0924	0.00046087	9.64482	-12.1455	9.65	-12.15	-0.909582	-2.72873	L	6.95285e-310
8.12987	-6.33903	-1.35508	-10.0924	0.00046754	9.57233	-12.2948	9.6	-12.3	-0.908879	-2.72667	R	6.95285e-310
8.13403	-6.37068	-1.35498	-10.0946	0.00049546	9.55167	-12.4583	9.55	-12.45	-0.908879	-2.72665	L	6.95285e-310
8.13873	-6.37452	-1.35506	-10.0946	0.00050173	9.37132	-12.4833	9.45	-12.55	-1.82006	-1.82006	R	6.95285e-310
8.1418	-6.4069	-1.35496	-10.0969	0.000527978	9.359	-12.6499	9.35	-12.65	-1.82005	-1.82005	L	6.95285e-310
8.14647	-6.41074	-1.35399	-10.0969	0.000534073	9.16109	-12.6848	9.2	-12.75	-3.00047	-2.00033	R	6.95285e-310
8.14781	-6.44386	-1.35389	-10.0994	0.000561254	9.028	-12.8337	9.05	-12.85	-3.00048	-2.00033	L	6.95285e-310
8.15234	-6.44761	-1.35284	-10.0994	0.000568069	8.85918	-12.7953	8.95	-12.9	-1.81543	-0.907707	R	6.95285e-310
8.15271	-6.48115	-1.35274	-10.102	0.000596499	8.84257	-12.9684	8.85	-12.95	-1.81542	-0.907708	L	6.95285e-310
8.15724	-6.48492	-1.35202	-10.102	0.00060401	8.66865	-13.0114	8.7	-13.05	-2.73134	-1.82089	R	6.95285e-310
8.15612	-6.51912	-1.35192	-10.1047	0.000631193	8.55319	-13.1445	8.55	-13.15	-2.73135	-1.82089	L	6.95285e-310
8.1604	-6.52271	-1.34864	-10.1049	0.000638436	8.27267	-12.996	8.4	-13.15	-2.99683	0	R	6.95285e-310
8.15788	-6.55667	-1.34854	-10.1076	0.000664642	8.25965	-13.1488	8.25	-13.15	-2.9968	0	L	6.95285e-310
8.16204	-6.56019	-1.34707	-10.1077	0.000672749	8.04571	-13.0646	8.1	-13.2	-2.72707	-0.909028	R	6.95285e-310
8.15807	-6.59443	-1.34697	-10.1106	0.000702617	7.95841	-13.2508	7.95	-13.25	-2.72705	-0.90902	L	6.95285e-310
8.16235	-6.59808	-1.34428	-10.1108	0.00071097	7.86599	-13.4154	7.8	-13.25	-2.7295	0	R	6.95285e-310
8.15684	-6.63208	-1.34419	-10.1138	0.000741132	7.62489	-13.249	7.65	-13.25	-2.7295	0	L	6.95285e-310
8.16083	-6.63551	-1.34142	-10.1141	0.00075006	7.50783	-13.2944	7.5	-13.25	-2.99994	0	R	6.95285e-310
8.15403	-6.66925	-1.34133	-10.1171	0.000778685	7.3419	-13.2474	7.35	-13.25	-2.99994	0	L	6.95285e-310
8.15777	-6.6725	-1.33738	-10.1178	0.000786425	7.19781	-13.1973	7.2	-13.2	-2.72698	0.908995	R	6.95285e-310
8.14971	-6.70556	-1.33729	-10.1208	0.00080988	7.04935	-13.1606	7.05	-13.15	-2.72695	0.908987	L	6.95285e-310
8.15313	-6.70855	-1.33384	-10.1217	0.000817028	6.79473	-13.0433	6.85	-13.15	-3.63709	0	R	6.95285e-310
8.1433	-6.74143	-1.33375	-10.1248	0.000842122	6.65123	-13.1604	6.65	-13.15	-3.63709	0	L	6.95285e-310
8.1467	-6.74443	-1.32953	-10.1263	0.000849104	6.54114	-13.2079	6.5	-13.1	-3.0006	1.00018	R	6.95285e-310
8.13564	-6.77648	-1.32945	-10.1295	0.000869343	6.35317	-13.0396	6.35	-13.05	-3.0006	1.00019	L	6.95285e-310
13810.4	-11741	-271.577	-9.84462	-0.0487081	6.27012	-13.1139	6.25	-13.05	-1.81729	0	R	6.95285e-310
6.14479	-13.0468	-0.79097	-6.35261	0.202411	6.14459	-13.0471	6.15	-13.05	-1.81729	0	L	6.95285e-310
6.11727	-13.0047	8010.78	-6.4482	7.67496	5.99498	-12.9442	6	-12.95	-2.72861	1.81906	R	6.95285e-310
5.972	-12.9091	8007.57	-6.43161	7.67188	5.86379	-12.8408	5.85	-12.85	-2.72861	1.81907	L	6.95285e-310
5.96343	-12.8948	-12822	-6.22723	-1102.36	5.73761	-12.8672	5.7	-12.8	-2.99988	0.999964	R	6.95285e-310
5.81981	-12.8458	-12588.9	-6.13893	-1090.56	5.55118	-12.7486	5.55	-12.75	-2.99985	0.999954	L	6.95285e-310
5.81064	-12.8294	-43357.5	-6.61167	-4428.86	5.45236	-12.7392	5.45	-12.7	-2.00001	1	R	6.95285e-310
5.69535	-12.7875	-42324.7	-6.56995	-4327.31	5.35556	-12.6423	5.35	-12.65	-1.99998	0.999994	L	6.95285e-310
5.68448	-12.7673	-43040.9	-6.70704	-1184.74	5.26451	-12.5511	5.25	-12.55	-1.99732	1.99733	R	6.95285e-310
5.57686	-12.7108	-41613.1	-7.15897	-3175.9	5.13769	-12.4355	5.15	-12.45	-1.9973	1.9973	L	6.95285e-310
5.57221	-12.7023	-19289	-7.37099	-6888.28	5.1317	-12.5744	5.05	-12.35	-1.8206	1.82059	R	6.95285e-310
5.47117	-12.6395	-8783.7	-7.72463	-10335.6	4.94432	-12.2438	4.95	-12.25	-1.82058	1.82058	L	6.95285e-310
5.46104	-12.6178	-3301.1	-7.70015	-10683.6	4.89215	-12.1623	4.85	-12.1	-1.9998	2.99969	R	6.95285e-310
5.36619	-12.5429	-2630.55	-8.015	-15975.9	4.75047	-11.9578	4.75	-11.95	-1.9998	2.9997	L	6.95285e-310
5.35719	-12.5239	-2596.04	-7.79603	-21484.2	4.6421	-11.7788	4.7	-11.85	-1.00002	2.00003	R	6.95285e-310
5.27757