px	py	v	yaw_angle	yaw_rate	px_measured	py_measured	px_true	py_true	vx_true	vy_true	meas_type	NIS
0	0	0	0	0	0	0	0	0	0	0	L	6.89908e-310
0.0342172	-0.0342172	0	0	0	0	0	0	0	0	0	R	1.58074
1.55613	-0.12928	1.641	0	-2.77556e-17	1.55945	-0.138501	2.09897	0.0522228	2.19595	0.109339	L	0.267721
1.63071	0.0196089	2.08937	-0.0515007	-0.0527441	1.81209	0.0474826	2.09897	0.0522228	2.19595	0.109339	R	2.83374
3.87777	-0.129921	3.06334	-0.295194	-0.18332	3.89093	-0.134166	4.29136	0.215312	2.28434	0.226323	L	1.19685
3.94668	0.0711972	2.82212	0.089557	0.132642	4.19528	0.218461	4.29136	0.215312	2.28434	0.226323	R	4.06252
6.84917	0.414692	3.80903	0.285432	0.301105	6.86352	0.416817	6.56942	0.496096	2.36382	0.348847	L	0.673824
6.76578	0.440781	3.64992	0.334487	0.357854	6.43926	0.472879	6.56942	0.496096	2.36382	0.348847	R	1.61046
9.06994	0.597798	3.62957	1.17366	-0.362159	9.07733	0.593211	8.92437	0.89924	2.43359	0.474526	L	0.556779
9.02056	0.687265	2.52885	0.229814	-0.0782543	8.89749	0.886982	8.92437	0.89924	2.43359	0.474526	R	3.77684
11.5682	1.66713	3.45359	0.116529	-0.0767612	11.5756	1.6669	11.3468	1.427	2.49328	0.600781	L	0.574303
11.5411	1.62847	2.99366	0.0892828	-0.0783297	11.4447	1.42958	11.3468	1.427	2.49328	0.600781	R	0.629575
13.5945	2.30799	2.84392	0.338557	0.121465	13.5921	2.31191	13.827	2.07905	2.5429	0.724947	L	0.119647
13.605	2.27229	2.9202	0.30492	0.0879054	13.6572	1.99915	13.827	2.07905	2.5429	0.724947	R	0.522326
16.6327	2.90464	3.54644	-0.158936	-0.263477	16.6456	2.903	16.3554	2.85243	2.58284	0.844365	L	0.827021
16.5629	2.89006	3.28296	-0.175442	-0.288412	16.282	2.84648	16.3554	2.85243	2.58284	0.844365	R	1.16649
19.0125	3.69558	2.71556	0.346897	0.166581	19.0106	3.70555	18.923	3.74161	2.61382	0.95648	L	0.790794
19.0806	3.71826	2.71147	0.377936	0.193005	19.363	3.87122	18.923	3.74161	2.61382	0.95648	R	1.3175
21.3253	4.73154	3.01311	0.468244	0.12739	21.3312	4.73205	21.5215	4.73855	2.63679	1.05891	L	0.0749305
21.3807	4.74151	3.04902	0.458687	0.124445	21.6213	4.74762	21.5215	4.73855	2.63679	1.05891	R	0.768596
24.0679	5.5715	3.42916	0.207296	-0.114014	24.0787	5.56967	24.1437	5.83295	2.65286	1.14953	L	0.318053
24.162	5.59782	3.3191	0.179348	-0.136296	24.5601	5.92334	24.1437	5.83295	2.65286	1.14953	R	3.04572
26.6095	6.95252	3.16555	0.603472	0.219586	26.6052	6.96102	26.7833	7.01246	2.6632	1.22647	L	0.452713
26.5968	6.9465	3.27171	0.587791	0.197444	26.5419	6.90075	26.7833	7.01246	2.6632	1.22647	R	0.0729008
29.5711	8.08886	3.74977	0.255451	-0.146071	29.5864	8.08789	29.4352	8.26299	2.66893	1.28822	L	0.663493
29.5414	8.07395	3.30266	0.236624	-0.166122	29.4716	8.24519	29.4352	8.26299	2.66893	1.28822	R	0.547063
31.9459	9.86859	3.22306	0.80481	0.303148	31.9416	9.88017	32.0955	9.56901	2.67105	1.33358	L	0.766419
31.9017	9.84598	3.26667	0.782311	0.274298	31.7928	9.49891	32.0955	9.56901	2.67105	1.33358	R	0.681165
34.6075	10.713	2.59067	0.198788	-0.281708	34.6157	10.6988	34.7608	10.9139	2.67035	1.3617	L	1.34838
34.7149	10.7649	3.04198	0.196023	-0.259677	35.0599	10.9953	34.7608	10.9139	2.67035	1.3617	R	2.69263
37.1411	12.0768	3.06856	0.590846	0.157116	37.1404	12.0883	37.4287	12.2803	2.66736	1.37209	L	0.606394
37.2187	12.1022	3.26302	0.58705	0.145727	37.4973	12.2943	37.4287	12.2803	2.66736	1.37209	R	1.49047
40.3099	13.4641	4.07026	0.286076	-0.144634	40.3285	13.4666	40.0971	13.6505	2.66232	1.36459	L	0.769426
40.2251	13.428	3.30181	0.246245	-0.190591	39.9009	13.6243	40.0971	13.6505	2.66232	1.36459	R	1.97228
42.7685	14.8209	3.2857	0.576247	0.14383	42.7664	14.8294	42.7638	15.0065	2.65515	1.33938	L	0.388002
42.7441	14.8143	3.327	0.568137	0.133474	42.5714	14.9817	42.7638	15.0065	2.65515	1.33938	R	0.188914
45.3484	16.5494	3.79354	0.584443	0.057091	45.3572	16.5524	45.4265	16.3307	2.64546	1.29701	L	0.16165
45.3833	16.5614	3.45954	0.607127	0.125676	45.649	16.5213	45.4265	16.3307	2.64546	1.29701	R	1.00051
48.1516	17.2921	3.13035	0.156578	-0.240383	48.1541	17.2835	48.0823	17.6063	2.6326	1.23832	L	0.510318
48.1249	17.2827	2.97464	0.146629	-0.257909	47.9331	17.5349	48.0823	17.6063	2.6326	1.23832	R	0.202946
50.6193	19.0536	3.12836	0.87191	0.375196	50.6228	19.0721	50.7276	18.8172	2.61569	1.16454	L	1.48281
50.6009	19.0373	3.29319	0.812754	0.295365	50.5737	18.7834	50.7276	18.8172	2.61569	1.16454	R	0.267389
53.7108	19.9121	2.86158	0.0780144	-0.381073	53.7268	19.8982	53.3577	19.9486	2.59372	1.07716	L	2.09554
53.6785	19.9071	2.90143	0.107237	-0.341395	53.5277	19.862	53.3577	19.9486	2.59372	1.07716	R	0.352689
56.0338	21.0767	2.73737	0.537813	0.156818	56.0322	21.0923	55.9669	20.9874	2.56561	0.978022	L	0.978813
56.0048	21.0617	2.80715	0.509664	0.12791	55.867	20.985	55.9669	20.9874	2.56561	0.978022	R	0.348483
58.6509	21.7873	3.18346	0.122687	-0.205245	58.6632	21.7821	58.5484	21.9225	2.53033	0.869205	L	0.512507
58.6485	21.7855	3.07198	0.107149	-0.226634	58.5799	21.9815	58.5484	21.9225	2.53033	0.869205	R	0.0328928
60.879	22.7781	2.63136	0.446813	0.136193	60.8722	22.7876	61.0941	22.7449	2.48697	0.753031	L	0.570813
60.8577	22.7659	2.76985	0.421556	0.112307	60.7648	22.6398	61.0941	22.7449	2.48697	0.753031	R	0.276358
63.3741	23.4112	3.04921	0.165116	-0.124044	63.3821	23.4069	63.5955	23.4479	2.43482	0.631987	L	0.250627
63.4528	23.4366	2.77427	0.120527	-0.178715	63.7478	23.7442	63.5955	23.4479	2.43482	0.631987	R	2.14729
66.3247	23.9881	3.61427	0.249095	0.0184455	66.3403	23.9959	66.0431	24.0276	2.37349	0.508655	L	0.587936
66.2123	23.9535	2.61127	0.251978	-0.0231854	65.8838	23.9541	66.0431	24.0276	2.37349	0.508655	R	3.06726
68.2635	24.3591	2.52263	0.207173	-0.0369477	68.262	24.3582	68.4273	24.4824	2.30293	0.385623	L	0.00577695
68.3509	24.3907	2.6575	0.215898	-0.0306208	68.6759	24.6059	68.4273	24.4824	2.30293	0.385623	R	1.98553
70.8198	24.8816	3.09145	0.221312	-0.0074302	70.8275	24.8844	70.7384	24.8137	2.22347	0.265395	L	0.123754
70.7774	24.8647	2.48351	0.208905	-0.04217	70.7403	24.6728	70.7384	24.8137	2.22347	0.265395	R	0.684644
72.892	24.7199	2.47092	-0.148841	-0.23965	72.8923	24.7135	72.9675	25.025	2.13584	0.150292	L	0.136295
72.9414	24.737	2.51009	-0.147131	-0.244529	73.0732	25.0343	72.9675	25.025	2.13584	0.150292	R	0.677454
75	25.2451	2.2137	0.325442	0.199703	75.0021	25.2595	75.1062	25.1224	2.04114	0.0423626	L	0.792007
74.9857	25.2423	2.15413	0.323379	0.199206	74.9748	25.1377	75.1062	25.1224	2.04114	0.0423626	R	0.0387701
77.1139	24.9483	2.27554	-0.362953	-0.351215	77.1225	24.9297	77.1475	25.1137	1.9408	-0.0566978	L	1.04628
77.1369	24.9534	2.2243	-0.388368	-0.386629	77.1386	25.2948	77.1475	25.1137	1.9408	-0.0566978	R	0.184989
79.0977	25.0156	1.90702	0.0806477	0.156845	79.1089	25.0369	79.0861	25.0086	1.83649	-0.145607	L	1.42584
79.1068	25.0194	1.90584	0.0839377	0.157446	79.1718	24.9698	79.0861	25.0086	1.83649	-0.145607	R	0.0305168
80.8051	24.8752	2.04296	-0.0361677	-0.0139694	80.8074	24.8688	80.9183	24.8178	1.73008	-0.223536	L	0.108712
80.8479	24.8814	1.80054	-0.0794217	-0.0920868	81.1423	24.8704	80.9183	24.8178	1.73008	-0.223536	R	1.22986
82.6114	24.6372	2.32665	-0.106229	-0.0504954	82.6216	24.6393	82.6423	24.5525	1.6235	-0.29012	L	0.150734
82.5667	24.6197	1.95328	-0.206944	-0.224491	82.5085	24.8114	82.6423	24.5525	1.6235	-0.29012	R	0.697973
84.1689	24.541	1.95509	-0.0142525	0.0261346	84.1733	24.5504	84.2584	24.2245	1.51869	-0.345444	L	0.257507
84.1597	24.5444	1.78616	-0.0362912	-0.023921	84.2898	24.3312	84.2584	24.2245	1.51869	-0.345444	R	0.210443
85.6389	23.8197	1.8435	-0.53103	-0.308481	85.6378	23.808	85.7688	23.8451	1.41749	-0.390006	L	0.294908
85.6973	23.8361	1.94903	-0.507832	-0.288353	85.9743	23.7547	85.7688	23.8451	1.41749	-0.390006	R	0.840106
86.9445	23.51	1.24336	-0.291008	0.010499	86.9449	23.527	87.1776	23.4252	1.32159	-0.424654	L	0.633967
87.0644	23.5437	1.37796	-0.231745	0.0427807	87.6171	23.5127	87.1776	23.4252	1.32159	-0.424654	R	3.78645
88.8024	22.7948	2.59855	-0.434768	-0.105631	88.8227	22.7869	88.4904	22.9745	1.23248	-0.450514	L	0.759745
88.7117	22.7514	2.31301	-0.678012	-0.415601	88.4191	22.9498	88.4904	22.9745	1.23248	-0.450514	R	1.5308
89.5139	22.2805	0.393168	-0.717462	-0.213412	89.4967	22.3082	89.7145	22.5017	1.15138	-0.468904	L	1.80694
89.6264	22.2528	0.941092	-0.641259	-0.0794594	89.7821	22.4826	89.7145	22.5017	1.15138	-0.468904	R	2.95148
90.4968	21.662	1.44477	-0.471344	0.0770125	90.5133	21.6677	90.858	22.0141	1.07929	-0.481241	L	0.235755
90.5676	21.6783	1.48454	-0.420963	0.079721	90.8419	22.0974	90.858	22.0141	1.07929	-0.481241	R	1.77315
91.713	21.1134	1.65231	-0.259169	0.126233	91.7178	21.1152	91.9302	21.5174	1.01698	-0.488964	L	0.0285592
91.7395	21.1273	1.43564	-0.396839	-0.0921991	92.0492	21.5289	91.9302	21.5174	1.01698	-0.488964	R	2.62211
92.8537	20.9417	1.39381	-0.0693134	0.155636	92.8599	20.9537	92.9411	21.016	0.964993	-0.493443	L	0.25667
92.9	20.969	1.16716	-0.0381589	0.117423	93.3186	21.0712	92.9411	21.016	0.964993	-0.493443	R	2.79806
93.4833	20.2474	0.48537	-0.763781	-0.377901	93.4668	20.2155	93.9011	20.513	0.92369	-0.495919	L	1.22578
93.5851	20.2888	1.01496	-0.580564	-0.151682	93.7423	20.5071	93.9011	20.513	0.92369	-0.495919	R	2.19561
95.2737	19.6451	2.77919	0.0897964	0.325136	95.3229	19.6585	94.8209	20.01	0.893308	-0.497439	L	2.51463
95.0267	19.6552	1.52177	-0.0443988	0.152986	94.494	19.8854	94.8209	20.01	0.893308	-0.497439	R	10.2456
95.5218	19.6993	0.539653	0.175862	0.189543	95.5039	19.6984	95.7116	19.5078	0.87398	-0.498816	L	0.504916
95.5474	19.7019	0.777279	0.172527	0.191356	95.6097	19.5804	95.7116	19.5078	0.87398	-0.498816	R	0.163756
96.2543	19.2184	0.748665	-0.821736	-0.489557	96.2641	19.1597	96.5842	19.0065	0.865773	-0.500589	L	1.86097
96.3106	19.2547	1.03002	-0.619777	-0.289826	96.559	18.8688	96.5842	19.0065	0.865773	-0.500589	R	0.864095
97.4947	18.713	1.96776	-0.229942	0.090032	97.5286	18.727	97.45	18.506	0.868716	-0.503009	L	1.14723
97.4038	18.7109	1.55117	-0.428255	-0.202812	97.5333	18.1735	97.45	18.506	0.868716	-0.503009	R	1.6848
98.2154	18.3656	1.03907	-0.358783	-0.055102	98.2105	18.3739	98.3198	18.0049	0.882805	-0.506023	L	0.178693
98.2361	18.3731	1.00753	-0.367072	-0.08069	98.4162	18.1556	98.3198	18.0049	0.882805	-0.506023	R	0.27181
99.0397	17.3828	1.47102	-1.12592	-0.472432	99.0363	17.357	99.2049	17.503	0.908006	-0.509278	L	0.682472
99.0527	17.427	1.45914	-0.761463	-0.0427684	98.9782	17.2949	99.2049	17.503	0.908006	-0.509278	R	0.921986
99.9814	16.9639	0.996115	-0.414939	0.188061	99.9969	16.9882	100.117	17.0001	0.944242	-0.512134	L	0.626408
100.061	16.978	1.04497	-0.356975	0.215736	100.441	16.9521	100.117	17.0001	0.944242	-0.512134	R	1.84161
101.191	16.5371	1.67828	-0.147682	0.210808	101.204	16.5368	101.065	16.497	0.991362	-0.513687	L	0.194019
101.139	16.5265	1.32027	-0.28417	0.0483518	101.169	16.4353	101.065	16.497	0.991362	-0.513687	R	0.750684
102.375	16.391	1.73703	0.0931626	0.233057	102.387	16.3992	102.063	15.9949	1.04911	-0.512803	L	0.232364
102.268	16.3836	1.22236	0.0757762	0.209231	102.081	15.8359	102.063	15.9949	1.04911	-0.512803	R	1.9069
103.012	15.4008	0.614146	-1.10155	-0.592117	103.003	15.353	103.119	15.4967	1.11708	-0.508169	L	2.54141
102.99	15.4651	1.17708	-0.628469	-0.0252893	102.776	15.1195	103.119	15.4967	1.11708	-0.508169	R	4.36315
104.09	15.2481	1.41372	0.0767599	0.399036	104.114	15.2708	104.244	15.0064	1.19469	-0.498349	L	0.912544
104.039	15.2424	1.30466	0.036077	0.374995	103.905	14.7607	104.244	15.0064	1.19469	-0.498349	R	0.601843
105.531	14.4756	1.83391	-0.782633	-0.313699	105.541	14.4412	105.447	14.5293	1.28111	-0.481861	L	1.72218
105.48	14.4765	1.82573	-0.725232	-0.242559	105.316	14.0026	105.447	14.5293	1.28111	-0.481861	R	0.736502
106.815	14.0272	1.39716	-0.298162	0.170735	106.831	14.0482	106.737	14.0724	1.37529	-0.457255	L	1.09436
106.772	14.0057	1.52384	-0.30107	0.209475	106.439	14.2401	106.737	14.0724	1.37529	-0.457255	R	1.32765
108.079	13.6595	1.73062	-0.0559221	0.231302	108.084	13.6604	108.122	13.644	1.47592	-0.423202	L	0.0248041
108.082	13.6606	1.66614	-0.0623394	0.218322	108.131	13.6844	108.122	13.644	1.47592	-0.423202	R	0.055085
109.531	13.5729	1.84576	0.0797587	0.173036	109.534	13.5714	109.606	13.2536	1.58144	-0.378583	L	0.0235581
109.485	13.5666	1.61286	0.0654831	0.160566	109.388	13.1556	109.606	13.2536	1.58144	-0.378583	R	0.420568
111.057	12.6116	1.82828	-0.914778	-0.519411	111.063	12.5814	111.196	12.9118	1.69008	-0.322574	L	1.62209
111.147	12.6585	2.30603	-0.657848	-0.180956	111.426	12.9557	111.196	12.9118	1.69008	-0.322574	R	2.19107
112.901	12.4646	1.51246	-0.0677829	0.29764	112.913	12.4877	112.893	12.6299	1.7999	-0.254723	L	1.58673
112.912	12.4465	1.77232	-0.0594289	0.315415	112.797	12.8241	112.893	12.6299	1.7999	-0.254723	R	0.393704
114.788	12.5474	2.43538	0.287764	0.333764	114.801	12.5506	114.699	12.4195	1.90891	-0.175007	L	0.25511
114.789	12.5536	2.08519	0.303939	0.372504	114.916	12.3187	114.699	12.4195	1.90891	-0.175007	R	0.431861
116.68	12.1234	1.94094	-0.314739	-0.223936	116.687	12.1035	116.611	12.2921	2.01507	-0.0838683	L	1.28192
116.725	12.1389	2.26958	-0.232675	-0.127423	116.871	12.0659	116.611	12.2921	2.01507	-0.0838683	R	0.495085
118.94	11.993	2.75291	0.0479689	0.131657	118.953	12.0009	118.628	12.2586	2.11648	0.0177712	L	0.416731
118.906	11.9978	2.3667	0.0695007	0.138171	118.85	12.4063	118.628	12.2586	2.11648	0.0177712	R	0.437704
120.698	12.2912	2.19123	0.261513	0.171834	120.695	12.2918	120.743	12.3289	2.21139	0.128528	L	0.0224466
120.744	12.2953	2.29671	0.260554	0.169143	120.934	12.1905	120.743	12.3289	2.21139	0.128528	R	0.454671
123.541	12.8298	3.65824	0.0841644	-0.0485588	123.568	12.8297	122.95	12.5114	2.29835	0.246599	L	1.28987
123.433	12.81	2.70913	0.0223575	-0.0994944	123.142	12.7694	122.95	12.5114	2.29835	0.246599	R	2.75118
124.909	12.7738	1.84825	-0.0700016	-0.0945889	124.894	12.7743	125.242	12.8125	2.37624	0.369827	L	0.521719
125.019	12.7865	2.6226	-0.0559212	-0.0642158	125.376	12.9964	125.242	12.8125	2.37624	0.369827	R	2.64299
127.836	13.3177	3.4491	0.411231	0.270162	127.853	13.3273	127.609	13.2365	2.44434	0.495787	L	0.857904
127.758	13.3187	2.96883	0.471643	0.36227	127.506	13.153	127.609	13.2365	2.44434	0.495787	R	1.32364
129.95	13.7107	2.26474	0.224686	-0.021959	129.947	13.6963	130.042	13.7853	2.50232	0.621879	L	0.741152
130.033	13.7228	2.50127	0.212784	-0.0354185	130.334	13.781	130.042	13.7853	2.50232	0.621879	R	1.39904
132.091	14.5027	2.62906	0.381766	0.0937136	132.092	14.507	132.53	14.458	2.55028	0.74543	L	0.0651197
132.16	14.5089	2.81566	0.366977	0.0741484	132.447	14.3423	132.53	14.458	2.55028	0.74543	R	1.02817
135.054	15.0492	3.6875	0.0185811	-0.192812	135.074	15.0475	135.066	15.2513	2.58865	0.863795	L	0.759086
135.031	15.0311	2.98143	-0.0619168	-0.29	135.127	14.6575	135.066	15.2513	2.58865	0.863795	R	1.16445
137.561	16.1974	2.79813	0.606241	0.31808	137.561	16.2147	137.639	16.1592	2.61821	0.974442	L	1.31528
137.593	16.1924	3.20828	0.531594	0.214526	137.653	16.5145	137.639	16.1592	2.61821	0.974442	R	0.355948
140.323	17.0152	3.17145	0.215638	-0.131798	140.331	17.008	140.242	17.1733	2.63994	1.07503	L	0.514774
140.325	17.012	3.06627	0.217442	-0.124044	140.305	17.5379	140.242	17.1733	2.63994	1.07503	R	0.0794575
142.887	17.9869	3.21124	0.372436	0.0540872	142.888	17.9918	142.868	18.2829	2.65497	1.16346	L	0.119087
142.839	17.9816	3.08938	0.38099	0.0653323	142.626	18.1458	142.868	18.2829	2.65497	1.16346	R	0.520803
145.386	19.1603	3.41352	0.418376	0.0468952	145.392	19.1617	145.51	19.4754	2.66445	1.23795	L	0.063141
145.457	19.1711	3.27875	0.435723	0.10035	145.789	19.3785	145.51	19.4754	2.66445	1.23795	R	1.7898
148.241	20.4736	3.78801	0.406815	0.0169676	148.251	20.4754	148.163	20.7364	2.66951	1.29702	L	0.188947
148.208	20.4697	3.26606	0.485066	0.165416	148.146	20.9376	148.163	20.7364	2.66951	1.29702	R	0.72534
150.68	22.1119	3.60497	0.623782	0.147443	150.686	22.1142	150.825	22.0502	2.67111	1.33953	L	0.066819
150.664	22.1096	3.55724	0.634394	0.164229	150.649	21.8148	150.825	22.0502	2.67111	1.33953	R	0.0547947
153.416	23.4956	3.45444	0.403542	-0.0862921	153.422	23.4909	153.491	23.3999	2.66999	1.3647	L	0.304653
153.393	23.4849	3.18117	0.45891	0.00110303	153.466	22.9115	153.491	23.3999	2.66999	1.3647	R	0.273899
156.039	24.8067	3.55893	0.412307	-0.0297286	156.047	24.8084	156.159	24.7682	2.66666	1.37208	L	0.0903161
156.019	24.805	3.0614	0.466017	0.0798516	156.009	25.0678	156.159	24.7682	2.66666	1.37208	R	0.550925
158.888	26.0281	3.88934	0.320543	-0.0657438	158.905	26.0308	158.827	26.1372	2.66127	1.36157	L	0.507183
158.891	26.0254	3.40465	0.352275	0.0135771	159.014	26.1903	158.827	26.1372	2.66127	1.36157	R	0.883608
161.413	27.4234	3.41785	0.527088	0.115783	161.412	27.4256	161.493	27.4891	2.65371	1.33344	L	0.0370949
161.439	27.4314	3.16183	0.558608	0.182465	161.529	27.8454	161.493	27.4891	2.65371	1.33344	R	0.457435
163.625	28.7718	3.00567	0.542455	0.0562355	163.625	28.7683	164.155	28.8064	2.64354	1.28825	L	0.0655353
163.734	28.7906	3.14241	0.526918	0.0522852	164.116	29.315	164.155	28.8064	2.64354	1.28825	R	2.99843
166.805	30.2012	4.27618	0.312813	-0.119682	166.828	30.2062	166.809	30.0721	2.63006	1.22694	L	0.891513
166.725	30.1759	3.36503	0.395725	0.0405992	166.748	29.7121	166.809	30.0721	2.63006	1.22694	R	2.54741
169.101	31.3724	3.17461	0.471033	0.0629737	169.097	31.3717	169.452	31.2706	2.61238	1.15075	L	0.0274847
169.121	31.3761	3.08128	0.476174	0.0791809	169.345	30.7063	169.452	31.2706	2.61238	1.15075	R	0.167247
172.155	32.3394	3.9515	0.157062	-0.176821	172.175	32.3404	172.079	32.3873	2.58945	1.06126	L	0.759765
172.131	32.3198	3.21818	0.117662	-0.219833	172.135	32.6666	172.079	32.3873	2.58945	1.06126	R	1.34539
174.646	33.4526	3.09163	0.49467	0.159434	174.643	33.4625	174.685	33.4095	2.56021	0.960341	L	0.513497
174.628	33.4516	2.91916	0.512878	0.184828	174.474	33.9157	174.685	33.4095	2.56021	0.960341	R	0.0934191
177.024	34.2075	2.89035	0.241169	-0.109908	177.03	34.2009	177.261	34.3262	2.52363	0.850119	L	0.330718
177.036	34.2048	2.70921	0.227971	-0.114369	177.211	33.8467	177.261	34.3262	2.52363	0.850119	R	0.238754
180.125	35.1358	3.87145	0.305926	0.007171	180.145	35.1423	179.799	35.1289	2.47883	0.732949	L	0.952501
180.005	35.1193	2.86431	0.364351	0.0906721	179.543	35.4767	179.799	35.1289	2.47883	0.732949	R	3.35457
182.591	35.7557	3.20287	0.16147	-0.0950574	182.599	35.753	182.292	35.8114	2.42515	0.611338	L	0.205437
182.497	35.7344	2.67224	0.14991	-0.108422	182.047	36.2626	182.292	35.8114	2.42515	0.611338	R	1.96113
184.731	36.5083	2.78393	0.397589	0.116798	184.732	36.5155	184.73	36.37	2.36226	0.487877	L	0.182718
184.728	36.5114	2.45028	0.429322	0.159047	184.833	36.1451	184.73	36.37	2.36226	0.487877	R	0.163451
186.937	36.9475	2.67706	0.088987	-0.156706	186.946	36.9404	187.103	36.804	2.29017	0.365145	L	0.403647
186.998	36.9562	2.60795	0.0535	-0.188337	187.296	36.9375	187.103	36.804	2.29017	0.365145	R	1.15469
189.458	37.398	2.99727	0.223132	0.0374018	189.465	37.4052	189.401	37.1147	2.20928	0.245623	L	0.277846
189.478	37.4064	2.46419	0.269874	0.0756241	189.738	36.951	189.401	37.1147	2.20928	0.245623	R	0.796807
191.73	37.5692	2.67159	-0.0139498	-0.150552	191.735	37.5631	191.615	37.3064	2.12037	0.131591	L	0.204862
191.697	37.5588	2.34739	-0.0397516	-0.187485	191.682	37.1147	191.615	37.3064	2.12037	0.131591	R	0.285978
193.475	37.2784	2.14753	-0.20593	-0.174668	193.471	37.2789	193.738	37.3853	2.02462	0.0250452	L	0.0224504
193.499	37.2838	2.25102	-0.194928	-0.155298	193.555	37.4234	193.738	37.3853	2.02462	0.0250452	R	0.115565
195.968	37.3895	3.1941	0.233495	0.208145	195.991	37.3991	195.762	37.3598	1.92349	-0.072386	L	1.09401
195.824	37.3969	2.27615	0.290944	0.282264	195.507	37.4891	195.762	37.3598	1.92349	-0.072386	R	4.00519
197.721	37.7356	2.32452	0.214703	0.0607923	197.725	37.7285	197.683	37.2395	1.81869	-0.159495	L	0.169619
197.673	37.725	2.03803	0.203035	0.0541999	197.582	37.303	197.683	37.2395	1.81869	-0.159495	R	0.504249
199.295	37.3021	1.79091	-0.386854	-0.34427	199.294	37.2862	199.497	37.0353	1.71212	-0.235529	L	0.593716
199.312	37.309	1.93101	-0.359998	-0.306582	199.356	37.3527	199.497	37.0353	1.71212	-0.235529	R	0.0745488
201.521	36.9876	2.92751	-0.00130145	0.1113	201.549	36.9973	201.203	36.7587	1.6057	-0.300201	L	1.38168
201.351	36.9906	2.10407	-0.114886	-0.0716384	200.932	37.4694	201.203	36.7587	1.6057	-0.300201	R	4.74565
202.964	36.4598	2.06354	-0.33062	-0.158948	202.962	36.4568	202.801	36.4212	1.50137	-0.353671	L	0.0286896
202.914	36.4464	1.73804	-0.39664	-0.270644	202.65	37.2445	202.801	36.4212	1.50137	-0.353671	R	0.516205
203.993	36.184	1.17362	-0.253446	-0.0225323	203.991	36.1967	204.294	36.0343	1.40095	-0.396497	L	0.350437
204.004	36.1666	1.4927	-0.198293	0.0768424	203.809	36.2941	204.294	36.0343	1.40095	-0.396497	R	0.989029
